3
6
10
17
34
37
15
37
38
42
49
50
8
21
24
25
52
57
1
7
14
31
35
46
7
20
21
24
40
56
14
26
29
35
37
39
2
5
12
32
40
44
6
17
33
48
50
57
5
11
13
21
53
54
19
20
28
34
36
44
11
24
26
34
37
59
15
22
30
32
40
58
5
10
39
42
46
54
10
14
31
34
45
58
23
36
43
44
55
56
9
28
29
34
36
55
21
29
32
35
43
50
5
6
10
14
22
36
4
14
20
24
46
50
6
15
19
37
39
53
12
16
17
18
34
37
22
23
29
32
38
45
2
6
22
44
55
57
3
16
28
32
34
37
12
14
19
25
52
59
8
11
24
26
47
57
4
19
27
38
54
57
1
12
16
17
52
60
9
16
20
54
57
59
4
10
41
44
52
54
5
10
18
24
39
52
8
20
30
32
48
59
35
36
39
44
48
52
13
30
32
39
46
54
10
13
19
32
40
60
26
28
35
38
48
55
2
27
32
36
48
50
4
5
7
34
42
60
5
6
15
25
39
53
17
25
26
30
32
50
1
18
25
37
39
43
8
21
27
35
43
56
15
20
22
24
34
55
2
14
22
23
29
47
5
8
20
28
40
45
15
27
33
36
41
45
9
25
33
35
40
49
9
26
29
42
43
45
9
21
36
38
52
53
14
16
19
21
33
55
10
21
32
34
48
57
1
6
14
22
30
56
12
20
24
28
33
57
8
33
40
52
55
59
4
6
39
44
52
60
4
8
10
21
45
54
8
9
39
47
57
59
9
11
12
30
39
43
6
18
20
24
43
48
1
9
24
38
48
49
9
13
16
17
36
47
7
24
29
39
45
52
10
16
32
40
42
54
6
10
24
29
43
55
3
12
24
40
51
52
1
3
10
17
23
24
8
23
35
39
56
59
2
14
15
19
35
59
10
16
21
29
44
55
2
8
9
15
22
34
4
17
18
37
52
56
3
10
23
36
43
52
10
26
28
51
53
59
5
11
13
19
30
31
2
3
14
20
30
46
1
17
38
43
45
47
12
16
30
52
53
58
9
34
42
45
46
59
20
22
36
38
41
43
10
15
16
19
28
35
25
31
33
39
43
45
11
28
37
45
54
60
16
17
20
22
38
50
4
21
25
33
36
46
3
9
18
23
50
52
2
20
21
33
48
57
16
29
33
39
42
44
4
14
17
43
52
56
10
13
33
35
36
42
16
18
23
30
32
33
6
9
15
22
39
48
11
40
43
45
47
57
4
10
13
23
27
57
3
25
35
38
44
48
6
27
33
39
40
60
29
35
43
54
56
57
12
15
18
21
51
56
9
10
15
28
43
45
2
7
9
18
21
25
11
12
26
30
37
53
8
11
27
28
43
46
20
23
35
36
44
48
12
34
45
53
55
58
9
22
25
47
52
58
3
6
14
15
21
25
2
3
5
10
15
34
21
31
35
53
54
57
16
17
19
28
45
58
6
17
22
30
37
50
1
3
19
23
47
58

